image_width: 640
image_height: 360
camera_name: narrow_stereo
camera_matrix:
  rows: 3
  cols: 3
  data: [572.631444, 0, 334.996231, 0, 570.894087, 162.734948, 0, 0, 1]
distortion_model: plumb_bob
distortion_coefficients:
  rows: 1
  cols: 5
  data: [-0.548106, 0.317049, 0.001913, -0.001274, 0]
rectification_matrix:
  rows: 3
  cols: 3
  data: [1, 0, 0, 0, 1, 0, 0, 0, 1]
projection_matrix:
  rows: 3
  cols: 4
  data: [463.955139, 0, 339.025301, 0, 0, 535.694153, 160.514502, 0, 0, 0, 1, 0]
